748585809 2125564114 88980459
1317392128 775565564 217595062
1218610825 676784261 98781303
954230685 2235762425 141777617
2920242079 4081180892 51765553
2972007632 3159586797 16102841
0 2377540042 17565155
2834452876 3712797875 58062179
2892515055 2917079842 6424918
3327351062 3175689638 162608005
673338549 647264576 29519685
1197392973 2214544573 21217852
738232750 116664417 10353059
2988110473 2429807442 71556277
17565155 334379348 277510712
1700771639 228674051 105705297
3059666750 4132946445 162020851
1806476936 993160626 588628261
1096008302 127289380 101384671
622123656 1908836676 50942989
3221687601 3338297643 28028532
2408505336 3770860054 310320838
4175210607 3039830108 119756689
3326652416 3039131462 698646
2898939973 2408505336 21302106
673066645 127017476 271904
3489959067 3382623558 330174317
702858234 611890060 35374516
4086270124 2562002619 88940483
837566268 0 116664417
1534987190 1959779665 165784449
2718826174 2923504760 115626702
3249716133 3366326175 16297383
3820133384 2650943102 266136740
3266013516 2501363719 60638900
295075867 1581788887 327047789