2018515973 2192795257 82329405
3722326327 3015971185 249665840
3046459770 3689390318 25519185
3971992167 3265637025 40217941
3071978955 3453653215 203407731
0 443504340 17965088
584437096 1722124969 470670288
1055107384 744431503 164966659
1489299099 461469428 282962075
2321848831 2380372526 153650776
2100845378 269225056 174279284
3487660258 2648616968 234666069
3275386686 3305854966 147798249
1772261174 1172578553 246254799
4012210108 2883283037 132688148
3423184935 4138946628 64475323
4144898256 2321848831 58523695
538253726 1418833352 46183370
1220074043 0 269225056
17965088 909398162 263180391
2590093273 3657060946 32329372
281145479 1465016722 257108247
2622422645 3714909503 424037125
2475499607 2534023302 114593666