3731805434 353192162 37567806
926873139 889685769 255250442
3170336676 695153543 194532226
679924479 451681440 193671776
3009343704 3081959489 160992972
1242360754 3579359343 278026518
1861131448 2500688596 20068354
4028837903 4006213119 266129393
1182123581 3242952461 60237173
3877550443 645353216 49800327
2223776164 1371077033 341527178
3364868902 2566566565 36440100
1773121333 0 76664401
264823995 2444756861 55931735
3929841219 3857385861 27802851
2166799431 1712604211 56976733
873596255 1769580944 53276884
645696746 3047731756 34227733
3927350770 3955153621 2490449
3769373240 177937131 108177203
0 3314535348 264823995
1942121274 3885188712 69964909
1881199802 390759968 60921472
1849785734 3303189634 11345714
3401309002 2855740726 104355610
2079164011 2960096336 87635420
544424016 76664401 101272730
2565303342 2520756950 45809615
1520387272 2603006665 252734061
2012086183 286114334 67077828
2611112957 1822857828 398230747
320755730 2221088575 223668286
3505664612 1144936211 226140822
4006213119 4272342512 22624784