62780592 544346201 30115959
2740764032 1352944740 34082945
377487729 807592920 35446631
1316419610 1454554942 34907962
986581913 756881718 50711202
4167758628 3240047125 127208668
818809239 1222506283 58684750
3649838514 2036598113 6212644
127663629 0 10715051
3023280854 1435387310 19167632
663070842 10715051 124076893
2774846977 2422700597 37614763
1812617371 2460315360 5121443
1640337506 1864318248 172279865
2986755724 1316419610 36525130
2023334670 2467203928 540327060
1159184084 248462172 14557802
1037293115 152894449 95567723
0 134791944 18102505
18102505 712203631 44678087
465375803 972369801 197695039
2576394916 3007530988 65274194
92896551 1281191033 34767078
3656051158 4289142647 5824649
412934360 1170064840 52441443
3417303830 3873138614 84580361
787147735 263019974 31661504
1817738814 2042810757 205595856
1285160111 843039551 30798000
2563661730 3123136764 12733186
138378680 305237152 239109049
3648071389 2465436803 1767125
1132860838 574462160 26323246
888049663 873837551 98532250
3626039273 3072805182 22032116
3530183657 4193287031 95855616
1404769450 3957718975 235568056
3042448486 1489462904 374855344
2641669110 1387027685 48359625
877493989 294681478 10555674
3501884191 3094837298 28299466
1351327572 3186605247 53441878
2690028735 3135869950 50735297
2812461740 2248406613 174293984
3661875807 3367255793 505882821
1173741886 600785406 111418225