964570004 989608620 226759942
2204148775 2545437438 20646474
233260112 338444213 39032265
958191857 332066066 6378147
2318799855 914518254 75090366
4247140372 3146297568 47826924
2224795249 1216368562 94004606
2871022952 1310373168 80313918
1400254919 233260112 98805954
445493256 487550555 149554087
2576473348 3962746668 294549604
3535295748 2775008885 371288683
1499060873 377476478 110074077
272292377 2215619580 173200879
3347481948 1867953550 157067409
4161267146 3794452372 85873226
3504549357 2184873189 30746391
1759636962 1780717197 87236353
2951336870 2388820459 6114967
1191329946 2566083912 208924973
1884544339 3880325598 82421070
595047343 3431307858 363144514
2393890221 731935127 182583127
4001414916 2025020959 159852230
2957451837 1390687086 390030111
1846873315 4257296272 37671024
1966965409 3194124492 237183366
1609134950 2394935426 150502012
3906584431 637104642 94830485