1406768592 2335526312 13344484
666958498 1862550129 472976183
558853371 843618476 74696086
1168798622 129171378 168640618
1713291209 297811996 183431863
1993628008 635748116 152317885
2560263686 2849350774 11516524
32266442 1212766321 287276323
2571780210 3319898101 11192927
375095240 995599149 183758131
2661986290 2353962919 50829838
3252020768 4280298713 14668583
1337439240 1793220777 69329352
3419718116 3502299739 574454544
2353962919 2650392505 198958269
633549457 1179357280 33409041
2582973137 4076754283 50515665
319542765 788066001 55552475
1896723072 32266442 96904936
1420113076 1500042644 293178133
3006421020 2404792757 245599748
2842554807 3331091028 163866213
2633488802 2990605977 28497488
2300450150 947178503 48420646
3266689351 4127269948 153028765
2145945893 481243859 154504257
3994172660 3019103465 300794636
1139934681 918314562 28863941
2712816128 2860867298 129738679
2552921188 3494957241 7342498