897459980 3171885613 268595078
506368722 1864971513 13322696
1166055058 2803961444 53745388
2572095034 667166679 114420176
687118932 1725187165 139784348
2478398695 0 14138781
3427672233 370325921 251085897
3888215738 3612891343 82449665
1674720770 1530101168 79955344
3970665403 925512154 2812137
519691418 2452425610 167427514
3884704963 3168374838 3510775
826903280 2381868910 70556700
2399774019 349568762 20757159
2972099388 3465151802 147739541
1754676114 131614075 217954687
2865104023 3440480691 24671111
2206760431 932309368 77882935
2284643366 1610056512 115130653
2492537476 14138781 35151040
2527688516 3695341008 44406518
3119838929 781586855 143925299
2732270071 2857706832 132833952
1599442846 2728683520 75277924
3263764228 3995626854 27783181
0 2990540784 177834054
2686515210 621411818 45754861
2420531178 2670816003 57867517
1219800446 1010192303 191374197
3678758130 3789680021 205946833
3973477540 3739747526 49932495
1972630801 2014419033 234129630
3291547409 1878294209 136124824
2889775134 49289821 82324254
1411174643 2619853124 50962879
1466122599 2248548663 133320247
177834054 1201566500 328534668
1462137522 928324291 3985077